100
4
10 5 15 5
2
100 100
8
81 81 81 81 81 81 81 0
6
23 90 40 0 100 9
2
0 0
10
100 0 100 0 100 0 100 0 100 0
10
100 100 100 100 100 100 100 100 100 0
5
46 10 75 26 99
6
55 37 75 65 21 43
7
38 31 84 50 17 17 40
8
91 67 43 34 44 47 66 63
9
91 98 40 16 54 92 1 3 0
10
31 78 97 28 88 62 85 34 95 27
10
32 23 66 98 78 67 54 61 73 56
10
75 9 22 96 2 45 87 66 84 76
10
63 0 26 70 73 27 71 52 89 3
10
59 26 64 60 2 12 88 88 7 57
10
36 54 43 86 14 56 74 95 70 37
10
63 77 95 79 54 18 87 41 74 53
10
4 28 17 61 91 52 49 37 57 73
10
10 53 2 26 74 66 43 78 61 7
10
5 53 78 30 66 84 46 17 29 35
10
17 24 17 26 57 64 2 90 17 60
10
65 99 13 47 79 25 45 24 45 16
10
79 48 81 70 57 50 62 5 98 39
10
93 5 60 32 87 37 66 90 64 8
10
88 51 21 62 81 44 85 1 50 69
10
44 69 62 90 77 30 4 48 35 30
10
97 0 46 33 64 77 72 32 88 64
10
3 49 0 17 44 31 64 73 91 41
10
12 1 54 4 5 9 27 5 97 92
10
87 65 0 65 97 90 93 67 13 50
10
53 9 65 91 83 74 99 46 14 70
10
31 35 1 11 80 69 50 83 52 97
10
39 53 95 11 13 45 40 3 65 33
10
48 44 93 26 71 71 25 85 97 60
10
47 66 23 58 65 47 60 56 2 70
10
10 69 55 57 94 98 67 8 90 27
10
31 76 55 7 37 95 29 29 88 99
10
13 44 4 58 73 66 29 24 50 6
10
49 63 0 86 10 43 86 24 98 41
10
54 9 80 68 17 90 74 89 35 3
10
23 91 53 19 43 18 53 48 3 59
10
15 62 27 51 85 84 30 7 8 80
10
59 69 6 32 56 18 52 73 27 36
10
60 29 68 85 55 99 13 14 40 53
10
95 0 32 44 2 22 32 46 82 70
10
20 23 90 4 64 7 62 90 20 82
10
78 40 9 61 25 49 27 85 38 25
10
70 30 1 87 56 26 59 56 11 57
10
57 26 28 19 23 31 65 24 7 54
10
59 42 82 28 51 85 3 72 36 91
10
94 4 0 44 77 73 87 98 26 98
10
58 52 63 90 34 37 98 95 16 84
10
91 43 89 88 40 70 41 47 80 12
10
17 85 46 45 39 50 62 94 58 74
10
93 80 78 33 72 53 74 0 61 61
10
53 66 4 42 44 28 13 53 41 53
10
94 43 59 47 93 38 97 37 79 29
10
99 26 10 4 80 57 78 49 84 22
10
43 73 26 21 49 73 29 1 98 97
10
94 20 60 75 46 60 42 83 29 17
10
48 62 84 12 22 97 10 85 82 30
10
13 82 99 95 18 69 76 52 91 51
10
54 41 98 75 24 64 38 7 99 44
10
34 68 56 80 10 71 26 10 58 8
10
24 57 27 45 85 31 16 42 31 94
10
57 74 44 47 89 51 14 20 74 24
10
65 55 25 88 9 79 31 87 47 34
10
80 43 50 85 67 32 70 98 7 28
10
66 24 54 54 45 64 2 3 2 71
10
51 27 75 46 66 53 51 19 62 2
10
66 95 43 5 83 23 85 87 30 10
10
43 29 16 32 87 79 71 35 98 51
10
97 61 37 75 84 15 13 92 68 37
10
87 22 79 65 59 93 89 88 49 54
10
55 63 53 42 35 42 90 68 53 24
10
17 14 70 45 15 88 76 59 37 61
10
63 73 62 33 38 5 17 15 63 51
10
3 91 10 33 45 27 98 82 2 5
10
12 70 3 7 41 21 15 97 91 53
10
74 90 51 87 74 50 95 98 24 20
10
30 47 48 64 3 76 32 57 74 79
10
21 16 38 95 71 47 46 37 53 40
10
48 92 39 51 43 2 59 75 77 46
10
24 51 4 57 0 57 86 39 96 9
10
22 18 18 18 17 27 12 68 60 99
10
63 17 67 28 27 77 90 93 43 44
10
43 76 80 51 69 48 6 44 61 41
10
68 93 95 21 94 24 29 26 98 62
10
55 78 13 29 55 91 37 82 22 31
10
57 96 61 33 47 96 68 11 29 38
10
25 97 87 80 88 69 83 15 80 43
10
53 42 82 24 3 93 67 68 67 70
10
54 64 63 60 10 49 96 80 56 61
10
31 39 69 57 59 43 21 10 76 24
10
14 19 58 5 80 99 98 67 99 46
10
9 73 28 26 81 57 76 8 34 9
10
12 49 21 70 36 18 74 49 82 7
10
27 52 98 95 77 32 57 97 68 42
