100
2 4
10 5
3 12
7 7 7
3 12
4 2 1
5 1000000000
25 25 25 25 25
2 2
1 1
5 5
1 1 1 1 1
5 448257424
1 2 3 4 5
5 915742169
18 7 21 11 25
5 295332589
13 13 13 13 13
5 775195204
20 20 20 20 20
5 616975327
25 25 25 25 25
5 694623492
23 23 23 23 23
5 468651675
11 11 11 11 11
5 194032708
4 4 4 4 4
5 191872881
22 22 22 22 22
5 941856004
22 22 22 22 22
5 344803226
7 7 7 7 7
5 768862757
18 18 18 18 18
5 478974285
22 22 22 22 22
5 283412648
13 13 13 13 13
5 159265723
25 25 25 25 25
5 491228110
8 8 8 8 8
5 44474075
14 14 14 14 14
5 85341802
22 22 22 22 22
5 118379459
20 20 20 20 20
5 60126292
12 12 12 12 12
5 904655950
5 5 5 5 5
5 31634545
22 22 22 22 22
5 713095557
21 21 21 21 21
5 914349475
16 16 16 16 16
5 573825356
20 20 20 20 20
5 429560433
23 23 23 23 23
5 728188087
11 11 11 11 11
5 791768293
1 2 3 4 5
5 285914653
1 2 3 4 5
5 964209994
1 2 3 4 5
5 969709459
1 2 3 4 5
5 420824071
1 2 3 4 5
5 694776795
1 2 3 4 5
5 128474643
1 2 3 4 5
5 868131345
1 2 3 4 5
5 416557109
1 2 3 4 5
5 426846777
1 2 3 4 5
5 134483287
1 2 3 4 5
5 851310980
1 2 3 4 5
5 717181996
1 2 3 4 5
5 749459690
1 2 3 4 5
5 834534949
1 2 3 4 5
5 930766366
1 2 3 4 5
5 755790453
1 2 3 4 5
5 100567278
1 2 3 4 5
5 509533715
1 2 3 4 5
5 275855540
1 2 3 4 5
5 568834850
1 2 3 4 5
5 874078836
1 2 3 4 5
5 981342253
1 2 3 4 5
5 968248881
1 2 3 4 5
5 471428694
1 2 3 4 5
5 894127219
11 9 9 22 23
5 654821581
7 22 6 21 17
5 827590512
4 3 3 14 10
5 166835289
1 6 18 19 14
5 365600165
1 7 25 18 16
5 66753912
2 13 3 3 24
5 312181514
10 18 19 12 23
5 341496718
17 17 15 12 17
5 944711754
5 21 20 16 12
5 888302076
21 20 3 17 1
5 51047127
12 10 14 4 6
5 242295685
18 13 7 7 10
5 828924697
23 22 12 1 7
5 454405764
11 25 12 19 3
5 4964375
12 23 25 1 17
5 91526514
21 16 8 20 25
5 743331451
8 6 2 20 21
5 392023778
6 6 20 10 3
5 635260425
21 25 4 3 22
5 985756856
19 1 9 8 2
5 769297271
23 24 9 12 6
5 802676487
20 23 13 20 6
5 936509825
6 3 16 11 10
5 140326103
20 12 24 6 21
5 878207117
24 4 9 20 8
5 66159024
7 17 17 1 10
5 271618281
10 11 23 19 10
5 513253336
18 8 12 7 5
5 26055061
19 17 1 20 19
5 863446389
20 4 5 3 6
5 226261304
16 3 15 25 25
5 161303793
13 3 24 4 17
5 306585158
7 22 13 14 7
5 979180451
18 2 6 12 11
5 268156920
4 3 17 8 17
5 272418417
11 24 24 1 18
5 490210239
6 11 20 4 12
5 563512666
21 21 25 8 7
5 597790690
3 12 25 8 22
5 249959826
3 13 23 14 24
5 289256086
6 3 3 3 13
5 499658176
16 24 18 22 14
